0 0.0795629
1 0.21447
2 0.592519
3 0.473169
4 0.549401
5 0.776326
6 0.70414
7 0.485813
8 0.0561756
9 0.142743
10 0.0869849
11 0.955354
12 0.628251
13 0.0221166
14 0.714066
15 0.299943
16 0.142946
17 0.496339
18 0.972802
19 0.889586
20 0.276279
21 0.42461
22 0.427494
23 0.896731
24 0.363651
25 0.880703
26 0.973384
27 0.666662
28 0.595118
29 0.148207
30 0.9134
31 0.510542
32 0.683154
33 0.76622
34 0.8636
35 0.52557
36 0.260032
37 0.349861
38 0.116599
39 0.671444
40 0.963118
41 0.121517
42 0.332179
43 0.931482
44 0.421014
45 0.985744
46 0.393701
47 0.940448
48 0.108754
49 0.829163
50 0.747578
51 0.548477
52 0.261331
53 0.192804
54 0.454285
55 0.173754
56 0.287584
57 0.415907
58 0.151009
59 0.0122552
60 0.973823
61 0.0392431
62 0.559287
63 0.932383
64 0.567528
65 0.434936
66 0.96698
67 0.0356618
68 0.367354
69 0.115553
70 0.0990695
71 0.0610938
72 0.803478
73 0.0553493
74 0.254851
75 0.281816
76 0.484336
77 0.233499
78 0.422953
79 0.578408
80 0.30347
81 0.412526
82 0.321754
83 0.721505
84 0.330418
85 0.339917
86 0.991511
87 0.325273
88 0.857958
89 0.698056
90 0.224578
91 0.483352
92 0.695238
93 0.87196
94 0.0388266
95 0.558803
96 0.800817
97 0.331734
98 0.457988
99 0.408604
